rosbagTimestamp,head_x,head_y,head_z,left_elbow_x,left_elbow_y,left_elbow_z,left_foot_x,left_foot_y,left_foot_z,left_hand_x,left_hand_y,left_hand_z,left_hip_x,left_hip_y,left_hip_z,left_knee_x,left_knee_y,left_knee_z,left_shoulder_x,left_shoulder_y,left_shoulder_z,neck_x,neck_y,neck_z,right_elbow_x,right_elbow_y,right_elbow_z,right_foot_x,right_foot_y,right_foot_z,right_hand_x,right_hand_y,right_hand_z,right_hip_x,right_hip_y,right_hip_z,right_knee_x,right_knee_y,right_knee_z,right_shoulder_x,right_shoulder_y,right_shoulder_z,torso_x,torso_y,torso_z
08-May-2018 10:59:33:000,2.400592605,0.031112550932,-0.0812180463856,2.13550454584,0.177080781159,-0.579317414465,2.25685751528,0.206843937485,-1.49583421765,2.0638003416,-0.0827872800785,-0.734206921586,2.25686346677,0.206855335822,-0.67316087782,2.25686192622,0.206855335817,-1.09256297743,2.25811495966,0.153007806239,-0.254116128385,2.37760099535,0.070670522357,-0.283137151388,2.49708602375,-0.0116666022652,-0.586382646434,2.18305593602,0.158419639907,-1.49564766726,2.49708501648,-0.0116712771804,-0.860606828561,2.41313960182,0.0991660752611,-0.711117567576,2.32877081607,0.124210656715,-1.12118189391,2.49708703103,-0.0116667653398,-0.312158159131,2.35630126482,0.111840610135,-0.487638171784
08-May-2018 10:59:33:000,2.39996541951,0.0315858838943,-0.0775386464988,2.13543349847,0.176392945205,-0.580673005024,2.26266538868,0.204041834795,-1.49534791086,2.06533573804,-0.0836633120363,-0.736160174296,2.26267060777,0.204050150854,-0.672674571026,2.26266906722,0.204050150849,-1.09207667063,2.2595741926,0.152595244461,-0.25332424837,2.37916961104,0.0698213612487,-0.280671519943,2.49876402219,-0.0129523474444,-0.582243248301,2.26971829285,0.139943517806,-1.51322281469,2.49876301493,-0.0129570223596,-0.856467430428,2.41908981936,0.0957901510725,-0.708442113358,2.3763802237,0.111128106069,-1.12538177582,2.49876502948,-0.012952510519,-0.308018760998,2.3600249123,0.109870759921,-0.485614931067
08-May-2018 10:59:33:000,2.4013784864,0.0328392498331,-0.0814710094774,2.13504532649,0.176560607353,-0.577344085141,2.252792333,0.207304844794,-1.49448264022,2.0647349077,-0.083504043003,-0.736071121796,2.25279706381,0.207310902551,-0.671809300384,2.25279552326,0.207310902545,-1.09121139999,2.2580539252,0.154243279648,-0.25269175072,2.37658048787,0.0709007737354,-0.282814515803,2.49510604327,-0.0124415576582,-0.587161813966,2.30858693723,0.130337306818,-1.5249974936,2.495105036,-0.0124462325734,-0.861385996093,2.40781831558,0.0983070774434,-0.711206903499,2.3863323693,0.107323302537,-1.12996115808,2.49510705055,-0.0124417207328,-0.312937326663,2.35344408878,0.111854881866,-0.487161324131
08-May-2018 10:59:34:000,2.4013089096,0.0328426522875,-0.0805733194025,2.13362831743,0.176579782446,-0.581918115581,2.25891977527,0.205159115348,-1.49639257483,2.06606718156,-0.0836185248037,-0.736602926006,2.25892401781,0.205163525154,-0.673719234999,2.25892247726,0.205163525148,-1.09312133461,2.25977217969,0.154645309275,-0.254256500073,2.37809953291,0.0704500804627,-0.282702369283,2.49642587884,-0.0137449776454,-0.585372695279,2.34632939925,0.118023099141,-1.52904047891,2.49642487158,-0.0137496525606,-0.859596877406,2.41368453955,0.0950444952315,-0.710923599851,2.40290563692,0.100203322521,-1.13015543282,2.49642688613,-0.01374514072,-0.311148238493,2.35720190579,0.110277045328,-0.487511893354
08-May-2018 10:59:34:000,2.38930865408,0.035678332085,-0.0808367030575,2.13207680119,0.176205036146,-0.582989765155,2.26427571516,0.206140290417,-1.50007985037,2.06512309102,-0.0837220286377,-0.736365434746,2.26427971355,0.206143510036,-0.677406510531,2.264278173,0.206143510031,-1.09680861014,2.25270721655,0.156812244994,-0.258006565675,2.37250137773,0.0734802417843,-0.282571184169,2.49229453162,-0.00985160979455,-0.581360351002,2.37441437353,0.113601441743,-1.52982940043,2.49229352436,-0.00985628470975,-0.855584533129,2.42095870682,0.0971533705228,-0.70953464952,2.41556897214,0.100067237749,-1.12889192953,2.49229553891,-0.00985177286916,-0.307135833181,2.35756029396,0.112564339125,-0.488020866839
08-May-2018 10:59:34:000,2.39866998316,0.0365011051186,-0.0797544925705,2.13225038482,0.176284626628,-0.583008320481,2.26063120035,0.204305148246,-1.49743847956,2.06437821887,-0.0836095740984,-0.73600831531,2.26063495461,0.204307498113,-0.674765078686,2.26063341406,0.204307498108,-1.09416723933,2.25730196012,0.155011984161,-0.255177389437,2.37738370687,0.0727612274305,-0.281949681107,2.49746444634,-0.00948937385493,-0.582946429562,2.38506746334,0.108518106851,-1.53120114367,2.49746343908,-0.00949404877013,-0.857170611689,2.41769039692,0.0967315064058,-0.709780609194,2.41500769806,0.0983671395571,-1.1291709802,2.49746545363,-0.00948953692954,-0.308721972777,2.35827319132,0.11164036103,-0.487111262524
08-May-2018 10:59:34:000,2.39234600174,0.0357530464584,-0.0823572983208,2.13302309541,0.175534370067,-0.582258384354,2.25784651242,0.207777534868,-1.49939904062,2.06455302306,-0.0836370240178,-0.736170425327,2.25785002255,0.207779243865,-0.67672570078,2.257848482,0.207779243859,-1.09612780039,2.25346551941,0.156911475684,-0.257341407328,2.37268960381,0.0734974391309,-0.284281084763,2.49191268092,-0.0099164381625,-0.585445310537,2.39066438205,0.107140373198,-1.53397069547,2.49191167366,-0.0099211130777,-0.859669492664,2.41378339933,0.0986817941786,-0.711960160273,2.41245275389,0.0995908697963,-1.13135920324,2.4919136882,-0.00991660123711,-0.311220792716,2.35425315737,0.113363979076,-0.489311992386
08-May-2018 10:59:34:000,2.38606891103,0.0337198164616,-0.0819666197461,2.13163001908,0.177950227987,-0.582542803065,2.25954766275,0.214901961282,-1.49814160058,2.05842386125,-0.0799027325666,-0.735544182111,2.25955092873,0.214903212515,-0.675468199704,2.25954938818,0.21490321251,-1.09487036035,2.25108538613,0.159240232811,-0.256736357081,2.36937173116,0.0744885310697,-0.283711584051,2.4876575572,-0.0102630075949,-0.584911298325,2.39773737239,0.110137263498,-1.53307106325,2.48765654994,-0.0102676825101,-0.859135480452,2.41425823755,0.104056277124,-0.710749163482,2.41359898033,0.104554954817,-1.13015046722,2.48765856448,-0.0102631706695,-0.310686811022,2.35313815715,0.116984137945,-0.488410132822
08-May-2018 10:59:34:000,2.38689137995,0.0408749632206,-0.0859316038464,2.13144837542,0.178000154077,-0.583319840972,2.25942754601,0.207585127345,-1.50533642435,2.06233400028,-0.078750221866,-0.739080085145,2.25943081199,0.207586042884,-0.682663084516,2.25942927144,0.207586042879,-1.10206518412,2.25010904089,0.160357813453,-0.26293450413,2.36950305642,0.0765267548187,-0.287770788635,2.48889606467,-0.00730413263471,-0.586831529925,2.40370979644,0.102326059544,-1.53763334105,2.48889505741,-0.0073088075499,-0.861055712052,2.41558636886,0.0979431838579,-0.715146568263,2.41526060856,0.0982150256179,-1.13454842254,2.48889707195,-0.00730429618615,-0.312607042622,2.35350582342,0.114645684095,-0.493337807512
08-May-2018 10:59:34:000,2.4007744461,0.0395595883431,-0.0846577443193,2.13245277354,0.178190602713,-0.582152608333,2.25329938927,0.209271963966,-1.49899851122,2.0599619307,-0.0781123674199,-0.738243894792,2.25330265525,0.209272559071,-0.676325232417,2.2533011147,0.209272559065,-1.09572727099,2.25633221818,0.157326662606,-0.25704918153,2.37684705719,0.0764846217605,-0.286009279966,2.49736088892,-0.00435725553335,-0.589193926741,2.40322638618,0.106381676055,-1.53679532658,2.49735988165,-0.00436193044855,-0.863418108868,2.41092399825,0.103539068221,-0.714202276235,2.41079721312,0.103659307013,-1.13360431435,2.4973618962,-0.00435741908479,-0.314969439438,2.35448019197,0.116445217703,-0.490636517146
08-May-2018 10:59:34:000,2.39824660575,0.0404545680715,-0.0860283862792,2.13331165716,0.177650719393,-0.58353603434,2.25427326682,0.205948435439,-1.50215867105,2.06267823877,-0.0790980141806,-0.739370491683,2.25427628866,0.205948862696,-0.679485392243,2.25427474811,0.20594886269,-1.09888743081,2.25478777413,0.157420330639,-0.259802746413,2.37552478673,0.0764437080901,-0.287366300256,2.49626079205,-0.00453274327784,-0.589154310883,2.4066099418,0.102098378547,-1.53816655483,2.49625978479,-0.00453741819304,-0.86337849301,2.41218865465,0.100039439078,-0.715535838009,2.41212632284,0.100104349737,-1.13493793739,2.49626179934,-0.00453290682929,-0.314929854098,2.35437862919,0.114718929488,-0.492438457691
08-May-2018 10:59:34:000,2.40054229928,0.0343531360743,-0.0814492015964,2.13478459022,0.173347013866,-0.578944609086,2.25301010268,0.207082082532,-1.49572836855,2.0568919104,-0.085108380894,-0.732154283905,2.25301312453,0.207082402978,-0.673055028716,2.25301158398,0.207082402972,-1.09245712832,2.2581215416,0.156129479847,-0.253677484001,2.37646329289,0.0723891842547,-0.283362550041,2.4948040369,-0.0113509558928,-0.587272103384,2.403741314,0.0990516684858,-1.5345308021,2.49480302964,-0.011355630808,-0.861496285511,2.4077926811,0.097558214129,-0.711880182213,2.4077615994,0.0975930269421,-1.13128228171,2.49480504418,-0.0113511189674,-0.313047616081,2.35343309785,0.112354744497,-0.487915077753
08-May-2018 10:59:34:000,2.39983770169,0.0350060952172,-0.0829036972993,2.12022263769,0.164548635792,-0.571631079034,2.24578697659,0.199974908783,-1.49781427952,2.04285496268,-0.103294543905,-0.706331600508,2.24578999844,0.199975137676,-0.675140939684,2.24578845789,0.199975137671,-1.09454303929,2.25312667924,0.151369055006,-0.255529623246,2.37374112437,0.0708852298586,-0.285017874514,2.49435456222,-0.00959842839951,-0.588730597827,2.02468421906,0.150829260202,-1.44027379451,2.49435355495,-0.00960310331471,-0.862954779954,2.40354219656,0.09471011502,-0.713708718846,2.23124259401,0.123659364636,-1.09498671145,2.4943555695,-0.00959859147412,-0.314506110524,2.34920361093,0.109113930011,-0.489721336631
08-May-2018 10:59:35:000,2.39205792853,0.032187447866,-0.0824553960175,2.10132038064,0.151409619827,-0.561166471028,2.26122400622,0.0189859136667,-1.47453259794,2.01612675316,-0.12215972387,-0.675096394908,2.23388033897,0.200196071713,-0.672605373477,2.24624292303,0.112901271542,-1.08263569233,2.24589988264,0.150980875384,-0.253184305563,2.3649576873,0.0688298387085,-0.284297779995,2.48401448467,-0.0133210463368,-0.589635711213,1.95379486729,0.227142735773,-1.38289267475,2.48401347741,-0.013325721252,-0.86385989334,2.3895959162,0.0927506598008,-0.713298755509,2.17924892718,0.159956796333,-1.0626319062,2.48401549196,-0.0133212094114,-0.315411254427,2.33834790744,0.107651602233,-0.488624922244
08-May-2018 10:59:35:000,2.37147568727,0.0253334103186,-0.0800201702681,2.04335534726,0.103402746448,-0.527868223442,2.27523180523,0.146666377414,-1.48345586717,1.94851608893,-0.181381239919,-0.586808915113,2.2453347235,0.180519600115,-0.681712715355,2.26057620546,0.16326109592,-1.09044458287,2.23176928572,0.136826923333,-0.262350391353,2.35538911833,0.0593285904874,-0.28439323435,2.47900794365,-0.0181695707007,-0.580660534131,2.01274901704,0.327049293877,-1.40279743232,2.47900693639,-0.0181742456159,-0.854884716258,2.40701711883,0.0791594457161,-0.71054253288,2.21204927002,0.199065773017,-1.07641217805,2.47900895094,-0.018169734729,-0.306436046828,2.34078251975,0.0945840528868,-0.490260429234
08-May-2018 10:59:35:000,2.3569339784,0.00924578671341,-0.0854404812331,1.99100359326,0.0565088812055,-0.493963154433,2.23849248594,0.195113538605,-1.5182107371,1.90165810624,-0.233969195852,-0.526212917798,2.29151247928,0.158323373861,-0.698081354214,2.26622816204,0.17631014317,-1.11633400792,2.22666921476,0.107711746518,-0.284198456116,2.35970678326,0.044029537896,-0.289354004604,2.49274334447,-0.0196525028833,-0.568734009877,2.38438971163,0.118181793021,-1.52625558454,2.49274233721,-0.0196571777985,-0.842958192004,2.46551276046,0.0750332796622,-0.704824302922,2.41561171964,0.0980276489779,-1.12470015723,2.49274435176,-0.0196526669116,-0.294509553092,2.36910970156,0.0803539323289,-0.495403416586
08-May-2018 10:59:35:000,2.35359811782,-0.0108741863249,-0.0846202938086,1.95246143474,0.0027531663592,-0.460072082683,2.19276803124,0.230225415938,-1.50745348907,1.85348405883,-0.287025418337,-0.472803988402,2.3156839218,0.142226447267,-0.698988303352,2.26106579547,0.183426029969,-1.11277270967,2.22732431955,0.0807665737536,-0.290591799586,2.36535455536,0.0279415993518,-0.287195700153,2.50338378389,-0.024883207207,-0.558024088024,2.28190609353,-0.244874293263,-1.41739046199,2.50338277662,-0.0248878821222,-0.832248270151,2.49621397705,0.0731365494775,-0.694546522627,2.39018557424,-0.0789127444065,-1.0684514066,2.50338479117,-0.0248833712353,-0.283799600721,2.38565175239,0.0678115507694,-0.491981541313
08-May-2018 10:59:35:000,2.33569876905,-0.0312666356485,-0.0872370340906,1.92428839324,-0.045899425835,-0.427502826365,2.23745537988,0.196953439581,-1.51546610439,1.81314192385,-0.334216240351,-0.445877601203,2.3106307271,0.134700259882,-0.698901431763,2.28552582849,0.159775622379,-1.11679989912,2.21179776547,0.0608456640601,-0.294925665894,2.35200133194,0.014138369608,-0.287913180401,2.49220389112,-0.0325687608158,-0.555125182211,2.29046882548,-0.24393663974,-1.41977110868,2.49220288386,-0.0325734338237,-0.829349364338,2.4940030555,0.0736117610829,-0.689729742045,2.39306472704,-0.0782019794363,-1.06708410761,2.49220489841,-0.0325689248441,-0.280900694909,2.37715911162,0.0591471900453,-0.491114383653
08-May-2018 10:59:35:000,2.31930625806,-0.0528277462767,-0.0905205584721,1.90036281001,-0.088467430589,-0.416162223344,2.25658703972,0.176314807463,-1.51758055454,1.78753970681,-0.378323817303,-0.435549565265,2.30153942929,0.132898651781,-0.697769013115,2.29059057035,0.147667135734,-1.1167679353,2.19564425734,0.0411446464729,-0.299294564078,2.3376192943,0.000582923560741,-0.289914714487,2.47959332398,-0.0399786315084,-0.554759291164,2.29887976139,-0.251160317952,-1.41413539739,2.47959231672,-0.0399833045163,-0.828983473291,2.48722863406,0.0798478735892,-0.685501079466,2.39331059573,-0.0785341394829,-1.06222278038,2.47959433127,-0.0399787955367,-0.280534803861,2.36600166299,0.053478093123,-0.49077486513
08-May-2018 10:59:35:000,2.31228503232,-0.0663436717254,-0.100090951993,1.88403021061,-0.125546088605,-0.408517113302,2.26438517869,0.15663813933,-1.52548011932,1.77813708572,-0.417030608433,-0.450064301235,2.29294470256,0.126487258517,-0.704225097267,2.28857423477,0.134967863801,-1.12351866032,2.18557836593,0.024728715944,-0.308479738285,2.32916935169,-0.00923395241788,-0.297401316749,2.47275933017,-0.0431964529368,-0.560547413034,2.30873501559,-0.261655826185,-1.41657537499,2.4727583229,-0.0432011259446,-0.834771595161,2.48074765332,0.0820674161285,-0.689735674801,2.39439458237,-0.0825538880036,-1.06562366327,2.47276033745,-0.0431966169651,-0.286322895213,2.35800776482,0.0475216924523,-0.497190851392
08-May-2018 10:59:35:000,2.29293353119,-0.0835302052099,-0.100570663015,1.87349942689,-0.151875900236,-0.407604171787,2.27000804234,0.142170996897,-1.52336197591,1.76593888385,-0.440594526531,-0.462650315999,2.28876943923,0.121228454117,-0.701414962302,2.28730572317,0.125970003001,-1.12078769863,2.17036920149,0.00178629252374,-0.313977698776,2.31546651325,-0.018879747075,-0.295498190244,2.46056281773,-0.0395456226455,-0.55124323005,2.32280560643,-0.265061017421,-1.41066942082,2.46056181046,-0.0395502956533,-0.825467412177,2.47854159995,0.0941993812919,-0.677245676463,2.40009723855,-0.0820557667758,-1.05982790785,2.46056382501,-0.0395457866738,-0.277018742747,2.34956101642,0.0444170853148,-0.492414270072
08-May-2018 10:59:35:000,2.29587790038,-0.097272328489,-0.105258860476,1.90258273557,-0.132589263866,-0.406109008841,2.19058145136,0.326835622141,-1.49267540487,1.76908719724,-0.400682649732,-0.45652599895,2.28034489761,0.113858931595,-0.70363099581,2.243475613,0.212301438379,-1.10964556986,2.16871176742,-0.00948447314695,-0.315276703918,2.31438157839,-0.0298598497846,-0.299378435282,2.46005038209,-0.0502350623941,-0.557704653948,2.33451672301,-0.207769836708,-1.43755520603,2.46004937482,-0.0502397354019,-0.831928836076,2.47086655626,0.0872099655876,-0.682837628252,2.40355187962,-0.0448733810391,-1.07516507875,2.46005138937,-0.0502352264223,-0.283480166646,2.34499365266,0.0353372994034,-0.496306373656
08-May-2018 10:59:35:000,2.28522530504,-0.105417921207,-0.115432695248,1.9051172998,-0.141318456826,-0.409845285241,2.24423444082,0.258496646855,-1.51815472792,1.76337125157,-0.403111686841,-0.459851905689,2.28371229901,0.115574962641,-0.710149257691,2.27566564849,0.170468075785,-1.1258656588,2.16221590202,-0.0181890982955,-0.32828055579,2.30785739311,-0.0334134893194,-0.307113854432,2.45349787692,-0.048637716315,-0.56017160986,2.12386579624,0.0169863132051,-1.29229539906,2.45349686966,-0.0486423893229,-0.834395791987,2.47419684884,0.0956629426033,-0.682465264996,2.30400758317,0.0605743619881,-0.998846903041,2.45349888421,-0.0486378803433,-0.285947122557,2.34340598352,0.0361027316514,-0.501710573147
08-May-2018 10:59:36:000,2.27491259077,-0.115439199322,-0.117323389179,1.9040539463,-0.146621332436,-0.414880193444,2.21572258546,0.413385458142,-1.46692171304,1.76253567543,-0.408065883025,-0.466126255647,2.28553432151,0.120023921055,-0.705423434305,2.24994396726,0.269580804791,-1.0936382694,2.15749423817,-0.0238770467,-0.329656453973,2.30272314123,-0.0386017634887,-0.305369725466,2.44795103701,-0.0533263162491,-0.555307453743,2.28610581596,-0.0806219279824,-1.44834067273,2.44795002975,-0.0533309892569,-0.82953163587,2.47850179707,0.100459017071,-0.673153391161,2.38267541492,-0.0298547046708,-1.06010787316,2.4479520443,-0.0533264802774,-0.28108296644,2.34237060026,0.0358198527872,-0.497329069099
08-May-2018 10:59:36:000,2.26925364799,-0.120395084061,-0.124246174178,1.89944399615,-0.158149120366,-0.416823902097,2.28099062797,0.311076371713,-1.5092718063,1.75685660656,-0.417817429765,-0.473622328536,2.29323401746,0.118036362362,-0.710427735049,2.29375710557,0.200790667263,-1.12158410904,2.15531062746,-0.0285264649687,-0.338921735259,2.30001195094,-0.041782399363,-0.310906763847,2.44471226713,-0.055038169729,-0.557116218702,2.44344023357,-0.0275958316431,-1.47676849675,2.44471125986,-0.0550428427368,-0.831340400829,2.48210726221,0.100733894511,-0.67386074083,2.45363749732,-0.0227651648376,-1.07365513088,2.44471327441,-0.0550383337573,-0.282891731399,2.34384129539,0.033801364537,-0.501525485634
08-May-2018 10:59:36:000,2.26916187028,-0.128009258288,-0.126645191175,1.8998171748,-0.162713511085,-0.4187468771,2.29926085536,0.240335807719,-1.5234244613,1.75624771885,-0.421409015253,-0.477484264776,2.29171864092,0.115824686874,-0.711464533682,2.30172330027,0.158327744864,-1.1285874342,2.15467001487,-0.0338083391174,-0.340825907711,2.29945971596,-0.0471519845214,-0.313248863869,2.44424840977,-0.0604954582676,-0.55989630733,2.3400655635,-0.183009074138,-1.40942924984,2.44424740251,-0.0605001312754,-0.834120489457,2.48048104391,0.0984285677982,-0.67551228515,2.40375710592,-0.061057508093,-1.05101090469,2.44424941706,-0.0604956222959,-0.285671820027,2.34277977919,0.0299873214074,-0.503368651901
08-May-2018 10:59:36:000,2.26903249912,-0.132845974461,-0.125116824611,1.899072794,-0.164848248927,-0.419800890479,2.3041250253,0.193304102563,-1.5279144694,1.7550862268,-0.42350969701,-0.477686744641,2.29219106935,0.11245093983,-0.710394894304,2.30221655491,0.133086749361,-1.12916897898,2.15499351797,-0.0375380895161,-0.339990642786,2.29971876965,-0.0523070204961,-0.312826135328,2.44444301406,-0.0670757912625,-0.559886176209,2.44266832896,-0.0465085484831,-1.47715496852,2.44444200679,-0.0670804680851,-0.834110358336,2.48147886846,0.0931344811924,-0.674866170651,2.45073567032,-0.0311191717736,-1.07425826964,2.44444402134,-0.0670759514761,-0.285661658389,2.34327686928,0.0252428450076,-0.502728333903
08-May-2018 10:59:36:000,2.25688506221,-0.138057078652,-0.123787266441,1.89365921593,-0.168192110365,-0.424193082508,2.3001080488,0.163335642984,-1.52702529448,1.75164641954,-0.428519749928,-0.479409540843,2.28925969475,0.109943864243,-0.706942246817,2.29673858895,0.119373525809,-1.12617164441,2.14644080568,-0.0437552153534,-0.340193919475,2.29076786688,-0.0562241828912,-0.309946891024,2.4350939208,-0.0686929902155,-0.553924349876,2.36036520958,-0.148135266053,-1.41773437812,2.43509291354,-0.068697667038,-0.828148532003,2.47770472384,0.0936633522169,-0.667449225635,2.41258031926,-0.0521349979613,-1.04994172324,2.43509492809,-0.0686931504291,-0.279699862573,2.33712503809,0.0227897126695,-0.498571298366
08-May-2018 10:59:36:000,2.25624491948,-0.14122584321,-0.128593660574,1.8902420895,-0.167323440055,-0.426638168833,2.29617108242,0.146881710065,-1.53113685229,1.75357977342,-0.430773221831,-0.480500246187,2.2877662726,0.110884364739,-0.709799174925,2.29266437581,0.114864462382,-1.12915380718,2.14487047588,-0.0412841708591,-0.342433629283,2.28904276432,-0.0595560221137,-0.314613327558,2.43321404549,-0.07782770934,-0.561017482619,2.42805816021,-0.0344511489936,-1.48179285431,2.43321303823,-0.0778323861625,-0.835241664746,2.47600379834,0.0870278860691,-0.673475891751,2.44087327978,-0.0127963243941,-1.07930730568,2.43321505277,-0.0778278695536,-0.286793025834,2.3354638999,0.0197000535526,-0.503125430448
08-May-2018 10:59:36:000,2.25729349224,-0.140851144534,-0.131273748654,1.89074525747,-0.165180738011,-0.426090746365,2.2932490063,0.130600281485,-1.53570593335,1.75533965818,-0.429306571079,-0.479832039761,2.28719938233,0.105792474229,-0.713731240714,2.29013606871,0.107301464814,-1.13312035063,2.14510704385,-0.0418728922191,-0.344190862818,2.28932962553,-0.0608539183988,-0.317009446776,2.43355119992,-0.0798347805503,-0.564052518037,2.45084083857,-0.0288472845617,-1.48612130714,2.43355019265,-0.0798394573728,-0.838276700164,2.47494423197,0.0810834928338,-0.678347164714,2.45175881787,-0.0272428328713,-1.08285422066,2.4335522072,-0.0798349407639,-0.289828030734,2.33520071634,0.0162920344737,-0.506524324745
08-May-2018 10:59:36:000,2.25567094793,-0.14449119566,-0.131026077289,1.88751345603,-0.1666341648,-0.424798559201,2.28784156688,0.120952663356,-1.53683762736,1.75386993369,-0.431128262269,-0.481090731872,2.28361515915,0.103537929203,-0.714532375009,2.28527767942,0.103999773079,-1.13393100172,2.14353332078,-0.0440316199236,-0.344334533796,2.28777299248,-0.0636814769121,-0.317772197406,2.4320116569,-0.0833311698723,-0.565434348319,2.44762059134,-0.0230689722631,-1.48916060195,2.43201064964,-0.0833358466949,-0.839658530446,2.47365151561,0.0776491390253,-0.67953636895,2.44773657386,-0.0228686563616,-1.08588936214,2.43201266419,-0.0833313300859,-0.291209861017,2.33320316493,0.0134560276474,-0.507403284693
08-May-2018 10:59:36:000,2.25572757798,-0.142465179217,-0.131879577863,1.88502004915,-0.167830051034,-0.425635891351,2.28739236206,0.116468164635,-1.53752817746,1.75344806793,-0.433556242334,-0.481004090918,2.28446671778,0.104074416096,-0.715049651087,2.28536727664,0.104130243684,-1.13445077744,2.14265685407,-0.0451950485886,-0.34600787042,2.28702884369,-0.0616744567878,-0.317989235688,2.43139982603,-0.0781537047735,-0.564195149295,2.44933864259,-0.028708259623,-1.48563277623,2.43139881877,-0.078158381596,-0.838419331422,2.47203919577,0.082663888352,-0.678647080801,2.44935452809,-0.0286832408726,-1.08236153605,2.43140083331,-0.0781538649871,-0.289970661992,2.33264090023,0.015847347718,-0.507418816075
08-May-2018 10:59:36:000,2.255854052,-0.144263045573,-0.131177902913,1.88745240711,-0.165491541122,-0.427404180315,2.29129788991,0.114483079189,-1.53671703458,1.75496075271,-0.431042259727,-0.481356360879,2.28927262381,0.105570695346,-0.714146958779,2.28973910109,0.105501178016,-1.13354881596,2.14512046775,-0.0419921357916,-0.345354559157,2.28909525324,-0.0626483604829,-0.318063584099,2.43306903146,-0.0833044173312,-0.564997035309,2.45382252276,-0.0281061275217,-1.48681467747,2.43306802419,-0.0833090941537,-0.839221217436,2.47675185705,0.0786728549423,-0.678609500455,2.45382595717,-0.0281030013647,-1.08354343724,2.43307003874,-0.0833045775448,-0.290772548006,2.33605374684,0.0147367092379,-0.507220891599
08-May-2018 10:59:37:000,2.25523588304,-0.141506684929,-0.129754331917,1.88763868438,-0.163333306796,-0.425797827239,2.28738260832,0.116186823047,-1.53457383172,1.75434708737,-0.42781054201,-0.482990880109,2.28597207946,0.109731648188,-0.711955174194,2.28620271696,0.109646222704,-1.13135727465,2.14420738471,-0.0411641133277,-0.343738314348,2.28841409741,-0.0598831843045,-0.316247816216,2.43261980284,-0.0786020950677,-0.562981835905,2.45552516116,-0.0250024721281,-1.48325206165,2.43261879557,-0.0786067718902,-0.837206018032,2.47567054494,0.0851074289124,-0.675792479882,2.4555268866,-0.0250020811153,-1.07998082142,2.43262081012,-0.0786022552813,-0.288757348602,2.33461770481,0.0187681771228,-0.505060821627
08-May-2018 10:59:37:000,2.25678591467,-0.134972758947,-0.127903110804,1.88695361503,-0.160769771714,-0.426161075455,2.29029448067,0.116295026187,-1.53253026332,1.75648514315,-0.426644640602,-0.483390271508,2.28930337903,0.111599763452,-0.709885972564,2.28941145787,0.11153094671,-1.12928807257,2.14558775242,-0.0384519576836,-0.341946510336,2.28975637719,-0.0554589430764,-0.31328911143,2.43392399467,-0.0724657682556,-0.558856169309,2.4538847651,-0.0181137643169,-1.48050327633,2.43392298741,-0.0724704450781,-0.833080351436,2.47725232817,0.0894281668393,-0.672526067235,2.45388624639,-0.0181137128131,-1.0772320361,2.43392500195,-0.0724659284692,-0.284631682006,2.33651711539,0.0225275110346,-0.502247565665
08-May-2018 10:59:37:000,2.26273025387,-0.136380314627,-0.128423320016,1.88795385092,-0.158539573948,-0.426176429471,2.28993705402,0.115536418917,-1.53458726884,1.7535909629,-0.422472165881,-0.483357088269,2.28923427784,0.112112725539,-0.711929368306,2.28928132145,0.112065614201,-1.13133140706,2.1492361819,-0.0362928332592,-0.341971273493,2.29344582584,-0.05730771111,-0.316354737775,2.4376544625,-0.0783224287472,-0.564962689359,2.35726409119,-0.148616615945,-1.43023985989,2.43765345524,-0.0783271055697,-0.839186871486,2.47762610317,0.0846594151605,-0.678464606206,2.40951045801,-0.0543845667327,-1.06227349907,2.43765546979,-0.0783225889608,-0.290738202056,2.33843800817,0.0205391796199,-0.505775862515
08-May-2018 10:59:37:000,2.27022803001,-0.128954475319,-0.128235771263,1.89216886187,-0.142022895868,-0.430607475228,2.2924788095,0.11080045108,-1.53729955845,1.75883629604,-0.40850873719,-0.477067678826,2.29197622527,0.108300685745,-0.714634334432,2.29199470436,0.108271442344,-1.13403649515,2.15468783335,-0.0325610818193,-0.340609049866,2.2991513785,-0.0531530003635,-0.315942801945,2.44361391637,-0.0737447548793,-0.565501041328,2.41599531295,-0.0743535828296,-1.48330477289,2.4436129091,-0.0737494317019,-0.839725223455,2.4792386478,0.0816081515524,-0.682660351875,2.43606281767,-0.0386790553819,-1.0821161259,2.44361492365,-0.0737449150929,-0.291276554025,2.34237940752,0.0209007091427,-0.50729507255
08-May-2018 10:59:37:000,2.27928027134,-0.121925122305,-0.122503352122,1.8948589108,-0.118759961792,-0.444536470705,2.29238286929,0.108069997236,-1.5381099829,1.77417806566,-0.393777601735,-0.469757890209,2.29202139588,0.106244045286,-0.715440914188,2.29202693547,0.106227008868,-1.13484301382,2.16138241055,-0.0278286506125,-0.336660374506,2.30603198693,-0.0501481151652,-0.314790178294,2.45068055603,-0.0724674156897,-0.567144499902,2.31254729716,-0.20812999431,-1.42251569662,2.45067954877,-0.0724720925122,-0.841368682029,2.48065490833,0.0771378045817,-0.686920610983,2.39346387979,-0.0717889072914,-1.06534729267,2.45068156331,-0.0724675759033,-0.292920012599,2.34618506952,0.0207714048843,-0.507985485698
08-May-2018 10:59:37:000,2.28945947308,-0.11297213539,-0.112865770493,1.90675280159,-0.0738282317021,-0.474266891592,2.18191868445,0.403720386464,-1.46186812207,1.80415419325,-0.345655146656,-0.40710550398,2.28607539647,0.0958273745804,-0.713466405042,2.23297625047,0.252792473422,-1.09500478422,2.16783310533,-0.0188637450208,-0.32464956446,2.31163869468,-0.0498844150663,-0.30954685172,2.45544327674,-0.0809049287129,-0.568668565248,2.24715047336,-0.292992539214,-1.40038740464,2.45544226947,-0.0809096055354,-0.842892747375,2.47408489531,0.0552713749615,-0.693721307065,2.35803955429,-0.124107335752,-1.05367492133,2.45544428402,-0.0809050889264,-0.294444108463,2.34585942028,0.0128324798524,-0.506570353887
08-May-2018 10:59:37:000,2.30353857993,-0.102663352596,-0.101116112126,1.95455191667,0.0192309763147,-0.50248416922,2.19806977144,0.425339983144,-1.45006508081,1.8631591229,-0.253996742052,-0.468858711441,2.26902781971,0.0960590624495,-0.704887423966,2.23285344438,0.263927757395,-1.08478200545,2.17435167647,-0.00452003211177,-0.305827414332,2.31637235037,-0.0452595731546,-0.301350427457,2.45839201699,-0.0859989577986,-0.571097897368,2.38338344156,0.374033168721,-1.44867635721,2.45839100973,-0.0860036346211,-0.845322079495,2.45476680646,0.0427785824445,-0.699032271262,2.4183756222,0.211653444959,-1.08120382949,2.45839302428,-0.0859991180121,-0.296873440583,2.33913483173,0.0120796236925,-0.501655137536
08-May-2018 10:59:37:000,2.30829439714,-0.0786666081369,-0.088599863726,2.00100462652,0.0791545821566,-0.522347804207,2.28748088505,0.336162424606,-1.47800449615,1.89604027379,-0.181256936213,-0.582618780953,2.22316112394,0.110325472646,-0.689681994258,2.25563385185,0.218678085212,-1.09354258717,2.16872398692,0.0216518489196,-0.280744629989,2.30726905264,-0.0283724872996,-0.291609610328,2.44581311107,-0.0783966633052,-0.576699047453,2.15484634474,-0.0106684954825,-1.43116782731,2.44581210381,-0.0784013401277,-0.85092322958,2.40436346051,0.0448989951421,-0.703892132507,2.28369933971,0.0198320064314,-1.07715719221,2.44581411836,-0.0783968235187,-0.302474590667,2.31051567243,0.0246198723436,-0.494198336855
08-May-2018 10:59:37:000,2.32588565025,-0.0536539130578,-0.0786921829812,2.05594825174,0.12993397404,-0.532126631515,2.24968012296,0.261416100452,-1.48107051941,1.94857444709,-0.0701983173404,-0.705926408006,2.1972265715,0.122473181643,-0.672666884347,2.22067089282,0.176457772459,-1.08791880152,2.17712461614,0.0460017638102,-0.25790350484,2.31132665068,-0.0118540664808,-0.280304266346,2.44552767793,-0.0697097441875,-0.576929515154,2.20106273994,0.0246718823336,-1.50518264551,2.44552667066,-0.0697144210101,-0.851153697281,2.37274920278,0.0468035649905,-0.701964892358,2.3041727503,0.0417947414704,-1.11569217953,2.44552868521,-0.0697099044011,-0.302705027851,2.29815726891,0.0363921543718,-0.483810077349
08-May-2018 10:59:37:000,2.35143511255,-0.0191261950789,-0.0709117439931,2.12838788817,0.167544988417,-0.51107587221,2.24846716636,0.207231281543,-1.48675093488,2.02737418066,0.0847149512342,-0.769770691596,2.21331566242,0.131521008381,-0.669175610437,2.22601351105,0.152296155731,-1.08787035923,2.20075832014,0.0765429806878,-0.250520885963,2.33239811981,0.0128639293152,-0.273028953121,2.4640369122,-0.0508149618437,-0.569761553358,2.09723956529,0.195622815897,-1.44877406103,2.46403590493,-0.0508196348516,-0.843985735485,2.38548773522,0.0482350540425,-0.698613987,2.24612130571,0.120144664039,-1.08499885106,2.46403791948,-0.050815125872,-0.295537066055,2.31589990932,0.0513709793099,-0.47846187592
08-May-2018 10:59:38:000,2.35457587526,0.00791483399032,-0.0728447999638,2.15646489943,0.198239671627,-0.517727708742,2.27856242679,0.177479072753,-1.50409149952,2.07856317829,0.149964147441,-0.795293706774,2.25339154943,0.127837798349,-0.683945227859,2.26093928924,0.137840580285,-1.10316016037,2.21339785376,0.093369054032,-0.264953320697,2.3461741738,0.0290521360456,-0.275641857727,2.47894948655,-0.0352646179126,-0.56055488206,2.30353806163,0.0244230312227,-1.51090543403,2.47894847929,-0.0352692909205,-0.834779064187,2.4270500102,0.0437176018814,-0.697924747577,2.36729779142,0.0334810123125,-1.11280947683,2.47895049383,-0.0352647819409,-0.286330394758,2.34319747681,0.0574149180805,-0.483288422723
08-May-2018 10:59:38:000,2.3657391847,0.0193860854753,-0.0669918594016,2.1668178829,0.212339013855,-0.515571985052,2.28857685707,0.17302558781,-1.50147178533,2.10304304212,0.177728458552,-0.799284031069,2.26851848912,0.135029893404,-0.680412629615,2.27379134058,0.141109990897,-1.09973747809,2.22469422328,0.101410843573,-0.261594444955,2.35888704371,0.0397411246982,-0.270591214727,2.49307885686,-0.0219284206115,-0.55381250232,2.39249945099,-0.0880343789737,-1.50034765534,2.4930778496,-0.0219330955267,-0.828036684447,2.44402948436,0.0543719077198,-0.692179509654,2.42024155994,-0.00526636706698,-1.10663767423,2.49307986414,-0.0219285846397,-0.2795879845,2.35758051522,0.0672210164446,-0.47844365744
08-May-2018 10:59:38:000,2.39458869419,0.042429633218,-0.0711404333897,2.18856171249,0.234573056738,-0.511549603984,2.29487497896,0.16049277403,-1.50687512878,2.14194948967,0.191816629418,-0.797879510894,2.28218325828,0.137577489984,-0.684877218383,2.28469074299,0.139754791064,-1.10426620465,2.24652008612,0.116224301124,-0.264446545389,2.38163989865,0.0566454326699,-0.274035542688,2.5167587039,-0.00293326841815,-0.557848966254,2.41955583981,-0.0304610354948,-1.51132578207,2.51675769664,-0.00293794309493,-0.832073148381,2.45890664298,0.0596541698557,-0.697418639008,2.44217964115,0.0293763698426,-1.1131608261,2.51675971119,-0.00293343196959,-0.283624478951,2.37609242464,0.0776306303412,-0.482591735692
08-May-2018 10:59:38:000,2.39871565583,0.0478359212654,-0.0634168004776,2.19129338072,0.238621177734,-0.513280143803,2.15297251669,0.272930485216,-1.4267045636,2.15369118223,0.191276267274,-0.800231971016,2.29081606146,0.145782676113,-0.679209891695,2.22054318336,0.210603157733,-1.06028550027,2.25244879514,0.122048801051,-0.259144504179,2.3882065445,0.0638471894261,-0.268072187902,2.52396328657,0.00564573944535,-0.551224297894,2.3212269311,0.2053901334,-1.48883176854,2.5239622793,0.00564106453016,-0.825448480021,2.46837391537,0.069660731578,-0.690886386185,2.3933580068,0.138856172888,-1.09768213115,2.52396429385,0.00564557589391,-0.276999810591,2.38390076646,0.0857844447284,-0.476560148162
08-May-2018 10:59:38:000,2.40026368653,0.0633039674181,-0.0656444825557,2.19718667569,0.243311537516,-0.512831801193,2.00529921621,0.278250987703,-1.44389774675,2.16580491878,0.199352117434,-0.801135335825,2.28863677554,0.169061568255,-0.679536055565,2.15269323755,0.223468432798,-1.07254672565,2.25260253882,0.139236896709,-0.25962955113,2.3881271289,0.0807438337268,-0.270202284047,2.52365071171,0.0222509309586,-0.554999504266,2.18255200991,0.201747885127,-1.45772591248,2.52364970444,0.0222462560434,-0.829223686393,2.46588944716,0.0925584656773,-0.693364160263,2.32994590917,0.146965330221,-1.08637489139,2.52365171899,0.0222507669303,-0.280775016963,2.38269512013,0.105776925346,-0.47832619598
08-May-2018 10:59:38:000,2.40139623745,0.0668277981773,-0.0668686688447,2.19836368369,0.244092013641,-0.510403765965,2.0865319533,0.265403172074,-1.47063046701,2.16920482385,0.200702486979,-0.799043551438,2.29082401396,0.173258551997,-0.680085441041,2.20534384322,0.215420637303,-1.08851371592,2.25510739762,0.145391340114,-0.260011091093,2.3893629547,0.0840646848239,-0.270705065686,2.5236175045,0.0227381935625,-0.555623527581,2.22381004784,0.192941762262,-1.47162560016,2.52361649723,0.0227335186473,-0.829847709708,2.46641703065,0.0930493886357,-0.694072170013,2.35619785734,0.140337588515,-1.09435374758,2.52361851178,0.0227380295342,-0.281399040278,2.3839917385,0.10860932757,-0.478891935606
08-May-2018 10:59:38:000,2.40231173449,0.0711488769796,-0.0707991531647,2.19848131649,0.244788776158,-0.521407733683,2.16521089646,0.245921802142,-1.49335512125,2.15837524823,0.189339440607,-0.806533257753,2.29259155515,0.178455579974,-0.684944578393,2.25087581682,0.204909207871,-1.10142757946,2.25739275323,0.152903708127,-0.26469176355,2.39021252996,0.088544546343,-0.275513845662,2.52303129941,0.0241855581237,-0.560560415076,2.37445275006,-0.266399603345,-1.43192778924,2.52303029214,0.0241808832085,-0.834784597204,2.4663066561,0.0942800400858,-0.699098780936,2.42011962369,-0.0793965059126,-1.07780515425,2.52303230669,0.0241853940954,-0.286335927774,2.38483081779,0.112456178186,-0.483767762663
08-May-2018 10:59:38:000,2.41392914192,0.075956590246,-0.0725811324834,2.19678478945,0.245880292143,-0.518638867588,2.21759352117,0.22438450371,-1.49955221307,2.15425833644,0.184890664499,-0.80238834517,2.2885568851,0.181678679167,-0.68228721494,2.27293566922,0.19481354,-1.101192431,2.26437858745,0.157985856591,-0.261140336574,2.39633922539,0.0925037973633,-0.275243421389,2.52829885606,0.0270219040716,-0.563570993507,2.33149600818,-0.226210765772,-1.44588966759,2.52829784879,0.0270172291565,-0.837795175634,2.46114844053,0.096034514852,-0.700732673122,2.39701234376,-0.058813819489,-1.08504335062,2.52829986334,0.0270217400434,-0.289346506205,2.3855959441,0.115680195279,-0.48337668271
08-May-2018 10:59:38:000,2.41392914192,0.075956590246,-0.0725811324834,2.19678478945,0.245880292143,-0.518638867588,2.21759352117,0.22438450371,-1.49955221307,2.15425833644,0.184890664499,-0.80238834517,2.2885568851,0.181678679167,-0.68228721494,2.27293566922,0.19481354,-1.101192431,2.26437858745,0.157985856591,-0.261140336574,2.39633922539,0.0925037973633,-0.275243421389,2.52829885606,0.0270219040716,-0.563570993507,2.33149600818,-0.226210765772,-1.44588966759,2.52829784879,0.0270172291565,-0.837795175634,2.46114844053,0.096034514852,-0.700732673122,2.39701234376,-0.058813819489,-1.08504335062,2.52829986334,0.0270217400434,-0.289346506205,2.3855959441,0.115680195279,-0.48337668271
08-May-2018 10:59:38:000,2.41392914192,0.075956590246,-0.0725811324834,2.19678478945,0.245880292143,-0.518638867588,2.21759352117,0.22438450371,-1.49955221307,2.15425833644,0.184890664499,-0.80238834517,2.2885568851,0.181678679167,-0.68228721494,2.27293566922,0.19481354,-1.101192431,2.26437858745,0.157985856591,-0.261140336574,2.39633922539,0.0925037973633,-0.275243421389,2.52829885606,0.0270219040716,-0.563570993507,2.33149600818,-0.226210765772,-1.44588966759,2.52829784879,0.0270172291565,-0.837795175634,2.46114844053,0.096034514852,-0.700732673122,2.39701234376,-0.058813819489,-1.08504335062,2.52829986334,0.0270217400434,-0.289346506205,2.3855959441,0.115680195279,-0.48337668271
08-May-2018 10:59:39:000,2.41392914192,0.075956590246,-0.0725811324834,2.19678478945,0.245880292143,-0.518638867588,2.21759352117,0.22438450371,-1.49955221307,2.15425833644,0.184890664499,-0.80238834517,2.2885568851,0.181678679167,-0.68228721494,2.27293566922,0.19481354,-1.101192431,2.26437858745,0.157985856591,-0.261140336574,2.39633922539,0.0925037973633,-0.275243421389,2.52829885606,0.0270219040716,-0.563570993507,2.33149600818,-0.226210765772,-1.44588966759,2.52829784879,0.0270172291565,-0.837795175634,2.46114844053,0.096034514852,-0.700732673122,2.39701234376,-0.058813819489,-1.08504335062,2.52829986334,0.0270217400434,-0.289346506205,2.3855959441,0.115680195279,-0.48337668271
